16
118.78643070691845 148.7340859470355 0.09041450641074658 0.027244159149844845 0.2694619197355619 1.3271988148266467 C 0.0 2.9753460654447226
30.20833591713977 69.07813302442037 0.07164976759820248 0.04060843643877466 0.2919908689500229 0.8462911125915764 P 0.0 0.7103605819788694
35.683273946277325 23.639311539258628 0.1248929768321907 0.038907837547492524 0.4480048592987277 1.9593748502422517 C 0.0 8.009107519796443
113.68594631921687 142.19831542141287 0.10809489820888751 0.02910098960375536 0.3149492917796043 1.5413696862124786 C 0.0 4.146619399905235
67.62001017883286 159.362064098159 0.06842254983248228 0.028421697443432425 0.10751592017454206 1.2735074444441665 C 0.0 2.2232138825158767
89.56801660265515 182.46772559529285 0.06749249848668414 0.03065317289420662 0.46093943326959375 0.28863266568205037 P 0.0 6.667667154456677
140.7148165312687 57.868860993291364 0.019338944648227996 0.015771417546209195 0.24548430837704904 1.1833738637939712 C 0.0 6.34274057957335
192.61086835241366 137.50225706098837 0.09525883104053458 0.04976497838389438 0.33274013177541373 0.8873003176301006 C 0.0 2.4442559200160274
48.61452505619355 39.867525409574924 0.09844943841979101 0.00690914756743069 0.1786329446720214 0.8005778242558318 P 0.0 0.13571635612109834
132.1122971984005 141.2587335504421 0.14579175037494985 0.04390967356735885 0.30384975068796005 0.20585791803305198 P 0.0 7.3926357939830165
27.053802605777722 70.90525326375372 0.018029484181975336 0.014807009876107247 0.14749108758169763 0.7041680408485544 P 0.0 9.182354663621448
59.027984772957716 121.73399598887755 0.12976538419580774 0.025448448033350723 0.4666891816077844 1.8501994594506797 C 0.0 9.292961975762141
77.34241144123826 140.1338683934627 0.019769679360658824 0.03581636020592828 0.21576243717888044 0.44806358781352196 C 0.0 5.528214798875714
49.68928284353915 86.56545669470121 0.021966264409366835 0.028480920296165335 0.3814949117159665 0.6481052303922044 C 0.0 2.48753143519958
123.70832019521065 126.56754762893102 0.085837785868631 0.011154081632030917 0.481099604606794 0.9495382193734919 C 0.0 9.78570928420717
40.91634373023099 158.06426664057082 0.0617730208447267 0.0337719540600118 0.19991851026199126 0.6951148306973067 C 0.0 6.925315900777659
